Classification Report:
              precision    recall  f1-score   support

           0       0.51      0.50      0.50      4146
           1       0.51      0.72      0.60      1824
           2       0.36      0.33      0.34      1596
           3       0.21      0.03      0.06      2406
           4       0.45      0.06      0.10      3005
           5       0.30      0.11      0.16       980
           6       0.33      0.07      0.12      1318
           7       0.42      0.11      0.18      1541
           8       0.44      0.18      0.26       606
           9       0.23      0.02      0.04      1327
          10       0.21      0.01      0.03      1797
          11       0.22      0.22      0.22       690
          12       0.00      0.00      0.00       345
          13       0.45      0.07      0.11       866
          14       0.45      0.33      0.38       483
          15       0.65      0.72      0.68      1675
          16       0.00      0.00      0.00        82
          17       0.35      0.22      0.27      1046
          18       0.47      0.68      0.55      1043
          19       0.00      0.00      0.00       202
          20       0.41      0.22      0.29      1036
          21       0.00      0.00      0.00       155
          22       0.00      0.00      0.00      1003
          23       0.00      0.00      0.00       152
          24       0.34      0.46      0.39       336
          25       0.33      0.25      0.28       737
          26       0.37      0.27      0.31       663
          27       0.37      0.81      0.51     11185

    accuracy                           0.40     42245
   macro avg       0.30      0.23      0.23     42245
weighted avg       0.37      0.40      0.33     42245